
50000000 26.190000
50500000 26.580000
51000000 26.690000
51500000 27.080000
52000000 27.300000
52500000 27.730000
53000000 27.880000
53500000 28.750000
54000000 28.420000
54500000 28.650000
55000000 29.000000
55500000 29.440000
56000000 30.040000
56500000 30.000000
57000000 30.400000
57500000 30.440000
58000000 30.550000
58500000 31.150000
59000000 31.380000
59500000 31.690000
60000000 32.050000
60500000 32.060000
61000000 32.480000
61500000 32.870000
62000000 33.170000
62500000 33.370000
63000000 33.580000
63500000 33.870000
64000000 34.540000
64500000 34.420000
65000000 34.580000
65500000 34.990000
66000000 35.220000
66500000 35.680000
67000000 35.800000
67500000 36.170000
68000000 36.310000
68500000 36.600000
69000000 36.920000
69500000 37.260000
70000000 37.660000
70500000 37.720000
71000000 37.940000
71500000 38.480000
72000000 38.770000
72500000 38.940000
73000000 39.090000
73500000 39.250000
74000000 39.830000
74500000 40.150000
75000000 40.440000
75500000 40.650000
76000000 41.140000
76500000 41.190000
77000000 41.390000
77500000 42.430000
78000000 42.390000
78500000 42.280000
79000000 42.860000
79500000 44.010000
80000000 43.090000
80500000 43.900000
81000000 44.100000
81500000 44.870000
82000000 44.370000
82500000 44.900000
83000000 44.950000
83500000 44.990000
84000000 45.270000
84500000 45.560000
85000000 45.800000
85500000 46.430000
86000000 46.710000
86500000 47.000000
87000000 47.390000
87500000 47.780000
88000000 47.620000
88500000 48.380000
89000000 48.050000
89500000 48.530000
90000000 48.990000
90500000 48.950000
91000000 49.730000
91500000 50.110000
92000000 50.580000
92500000 50.090000
93000000 50.590000
93500000 50.860000
94000000 51.400000
94500000 51.900000
95000000 51.720000
95500000 51.670000
96000000 52.720000
96500000 53.030000
97000000 52.900000
97500000 53.700000
98000000 53.320000
98500000 54.080000
99000000 54.380000
99500000 54.990000
100000000 55.050000
100500000 55.120000
101000000 55.450000
101500000 55.230000
102000000 56.400000
102500000 55.930000
103000000 56.530000
103500000 57.000000
104000000 56.840000
104500000 56.970000
105000000 58.090000
105500000 57.990000
106000000 58.360000
106500000 58.090000
107000000 58.560000
107500000 58.870000
108000000 59.680000
108500000 59.490000
109000000 60.100000
109500000 61.130000
110000000 60.170000
110500000 60.710000
111000000 60.750000
111500000 62.030000
112000000 61.750000
112500000 61.710000
113000000 61.910000
113500000 62.270000
114000000 63.540000
114500000 62.830000
115000000 63.960000
115500000 63.360000
116000000 63.830000
116500000 63.790000
117000000 64.810000
117500000 64.700000
118000000 64.710000
118500000 65.780000
119000000 66.040000
119500000 65.720000
120000000 66.180000
120500000 66.610000
121000000 67.230000
121500000 67.040000
122000000 67.980000
122500000 67.270000
123000000 67.800000
123500000 68.010000
124000000 68.510000
124500000 68.950000
125000000 68.850000
